$ANSIBLE_VAULT;1.1;AES256
32616533613862303966656337303763373936363035373533323666313962313262366365626439
3964343234373238633135373565613639643631633662630a346665646235333663383930393630
61633262373835363033373837343731313961326638313535373139623761383362313663373033
3461643633653739320a633936656666393739613731383134383337333137316431396536653964
35346534633031383365323964383962313163613336366432396438343736383635663735336137
62353030383439666161383636306637393931336461663130353265393962636634353331656164
36396233633961353431656662656366313363326163363938636233313633623830376638346233
35646336346565646237393339386665303865373835643738323036663138363234636533383733
65663363356437613964346264386565623836383439663766393038303234393137633561343439
63386266396236396533326462313431356161323038653831373034306538303766653938656262
61616437316264646361333936656630353433303639386239613162666362613532643464663766
61373163653566336366343732643133396361356466616164656533663132353430653562356339
31656636643435323233623539636636353239383330303666646664303332353030366339653663
64386236336136323933303863643539376537613166626432306635306266303761346538386137
33343337313031393431343032636563643065633565343034643732306164656339373464636364
61363532353234653936343765623462656231353266316634663561373966643863393333333636
64333031313463386532616263346562336538636562316432303532353463633838303138636530
31396136356633616630383534626538316363623330613332386364396332633033306462306565
35376430393164366432643864623638613764346664323864383239323136653834323964646137
32363565656230646631326531393935383464333864313766303664386562363530303533623733
36623831663832323934633062356538336366643863656635323330363131316637646435343964
62306566356565346434333132343837666164663662336136383934313139386139313336663165
30396231646235646233633364373737636265333233613531393230323830663630656365636536
34356236626364366661366136386233373064303434373766313063316635333735336131396461
33356361393037643032343731666438643164636361303164343861303664333566323236623637
39383261363334373033373335393763396334326537616463396231326434383434363435633732
31623339666535343637643761643465383534613839646634313261363239306363643639353364
32373664326365316234613764623364363331353831353537613264616135323139386166666530
30643635383061396233366337353666303434343662613539316337636132323266343561626638
62323661353461623531653065366330333033633139373065336239373433373236613737653364
65666465306237613163326138623531643430646537616234323430383335656339663063313362
61393061666461393330376330653036383537313363393963636336363961346561306166326164
35323833623332666462663061306562363263343063356537366230636135626136373533653336
30363034653462633734623736373432666564666663646361363561393939316439383464396336
63383239396430636461326333376538393837313264663737373139306261633636656364323335
31313266373131633463386363396230646132656265366530346434336362626364333131326330
31313632643637323365316630363936373136333262356430396435363830646339313666323466
62363362643239653433343332643838346565316261623539303166663139303931303238393237
61663336643436383263356639383363363962366631366562303030623034386461643161393637
61623231633966383361623433313966396333343734333834383161396665346264353137333633
35353738366137326165656564303064613831346430376664643931326134333337663530313039
63616437653331353634653664333963633332323361363334333832366531303462393339336233
65386261636231346331633163316438353862656462303338623535636339656636656237383064
64326465623166323966383136643139323631633134386532663262393661366564333362653262
38316336343536333533663534356632636663356536663361656336623136393530313734303337
30376366336264643835613035323031353239616362343764366430633131636366363665356638
65633861333966313039626166313631636537623562313330613134373334653437663430363563
66353963386133616539366138663630393461313863636230306233336662616232633934356662
37353333333734383961656664306639656638333361346132343436383035666231626132313536
65666638633331386264643339643034656634366235376566623436376638313964366135653938
34336535356432316334666331363832346363333235323336383238303932386437303738363864
66663730373666333234303033326231623966623565356439313731626566323336616635656337
39623039386232373461323963363930663066316137663636353836373262323061323435323762
33323965316561393430333366393433326135616462626333343136666432656464326435303736
32666636316264353936643465353839366364363338383433323536343137366636333434633632
66633765656238366334643036653330393136623261633735626162646434623766616339353730
64386237383665333436303131663064333034616262326334626432636236393562336666633730
33396361653133643961343266313430373432643130316164656565393436613534646664353635
61396362383235306538386338643939333536383662616234633165363135333063616336376463
66653933376638366265313130363166306537343039363265633339613238653337373066366531
34613864313933653431653935376165333564363662343638306264616239303239326461333639
36343863316538386365663539663839633063313664313436373133343339366532343861323165
64646363343236346330656538366132306638303633333136623363383330363832333662613033
61323939366566623930333962326637326238393937626336346434666562383133326136323162
33653166636130383638393538336436613332366233653266616236323565376163653535376139
39383063303139656135353437363436633064316632353135653663643830343834636165663637
30376563616236613265636531626263643664643834643665396630383433313235653663313732
61393164633461323833633466643930373636316561303837353363383661373332646233666266
30313039303461633539373938616133393161373665613963666364663334663364376537376435
32363632616436633537666633303435313662393761336539623937376630653938313835623736
65313932393138316133336636316666363066316666346335613439366564353030366533343764
64376339323831363963383262376466346232616632613337613833313261666634346165666563
30323431643765333562643464376339336134343331376465363933383639323338343236356365
65636135333530613836656336303763353466656261393930306230313965653933353630363161
66646266396334383531366136386330323666363563373165366233636235303136363763313163
34313964306266353933663732306234393463393631623736336565306333666531326635636437
61386663613662633831643134613762333233383634376632656638613139643734626638303034
66626361316231343230333034376466393363336138393966376362386438393635343764316561
34343132653537386133663731623836363434633564393537623739626230613861323062666632
31313633653964666266333561363862343830393739633931626337633139646563333338643863
34343863383537623166373665636462376335313365313266366237373465373263303461643565
36333436363065383438313335656433333435643661306438346233393036613864646430656465
65623666356366343463656435633537313662376136656465363835313232663662316137306131
63343636633566336261633965663133623161343763323266386265323962643539333033386430
31306161343736386639666531353666303663623262313039636464363163633837376134333036
34666365313037373539356165346332396333636334383232633732313563666237303538613963
64323066366634383233333064333464313639653635656435616632303266346534383932626132
30393839326163313162316435346361323735653332356439363964663961646161353437623064
37343934393630643764623633653161656232646530316463663339306233623761396564303433
39393435663265373165663633343165313036646563346661343034366636643463316163663639
38333763613361646362633663393730343335643364313433373232303865393132343638613032
62616539326565386166646335313762633063383130643939663862303734646565643938663735
32663762613332613664396562353361636264643266663531646162393335613562363761623535
34383432633266393935386136633139616263653032363739373765303864646637646636613461
62313964626436343933373436663334656366613530326130633966343930313637313263346330
63653036396466663161393236643239316332343930353933663666653031656339363263636537
65666133633764663061303764393139363432353032636261316362333939396631363534306566
33313964656634636166383830383032363061393164663961636135643833366266313132303564
39663639333738353332336630623763343564376231376362623232396130373636386237336539
61306165643066323131396631646330353532656363393732623236653133386161623865376339
65663939366266646565343637646161383666353336633032373330343363333133396239366438
34643931316236313831343033363632396532383138623965373931366537633361366462613332
35313732383762306337386439613531646161613134346239323165623732356434393964336362
66623838376464356364626665353031633739663864376331356433323361666234373834663262
63623932346266373539373231616330663333313562386533386561643364356261376334383635
64613561306562633938353331653330363032656535336564653937663134376330356639646637
37396134363565616336323434323131363632323564373331613133636162663164373431316462
61623231636363656637626335303932363439616164353566336164346166383638306231316235
31643464303264623230623061323733323333646436633233656462663830363439376237303263
61303864343337303632663836396633303738393762373631333261306364336164303239343764
30613135396161633865383333373165663866643164356363383638623161663435633236666433
38333561323163313562663339633061373861653530636561666665656231343231356235306365
31623962316538396264613137346339306262616539303439343965623736626239643461313835
34653731666537653739343336333931323930376364326161376235316536666334316239383865
35316564383930373338663761366564666631313530613934633336666239306338363733363261
64383332663637353634633766653039346463623961306563383762666439636535636430616131
33313862316165623431303434386463623461643761313939396634333735393531373433363330
36663535306465666239346435623137383766313339336465666165386666333636303937363135
65363663383836626163663239313431353439376433303562666330336366333038303466383065
66386434343935356534346365353835636238356539346165646664643231653561326237323862
39326335333934346465326237373332366464356337636535303539656136666461353963393662
35383565663563623330303762393761626438303933336566646534663362313464353936376264
39353839363237666165326436653763663864313931363433643138636265303233353836306664
61303734343137666261366461333739363835313539393762346537333439353662643631353135
66316438383934636632663136613536326532646232373066656233303333376338323039326537
38653238666163646166663934313135343235313430366630303133323431353930613039633066
34393163373765373634666331666530643562383935313631393130313631353062346535633538
63336531323434346336313262336434353066346566633631323465303938663731393866376135
33666533646435366336653130353366373462656239323539376231646639376534326630636364
63306666313738646662633565323636633237393031666436313132323731656630653731343263
61366133363333346464656166323361343336323934656532346333393065366138333366666239
65633736313734353864333736613466303636643138306330646430336263396161613330666338
34333361316464313166303330306638646265373363323930313763396363343763643861643262
32313239303637636465613938316562313235323930663565363565323265633238343766306234
35326361633466633736343530643239356163383039656632666333663633336234303839383564
65666437356365663536316563333064343230363563316136613930313238316234333664383962
63623735393362363533343433343662623437313735353964326138393531363637653731323265
38363964343732366662323063313338633237316634666338373938623136383865353232316233
63313861653661643930356265363666363537643732303162643230373064356261656632666430
39383532396466383138333663653165656564386464363865353635313363386464336261363235
62613239326664376439333536363563663234393164613437343831386637633830366262633136
32663237613038353931663264356462343234343432366138623330623935663431376635626637
32373266653232336465356331346539636330333363633439613762656566333538343231396438
64616538336438633438653931633331663839366330326236386462663137326236653732326162
39633338663638616532363461623166386633313862653833393735303530356563386266363862
32373934353464633066313964386633613630643261613563346232666238303035373362363337
32663961613934613864326139646433313831303539336631656663363461333732663431333431
64356263346163663539313461643864666566623431323337326266333863313137366533333330
66356537346632303933616362623232623632393038643730626136353831353935373437376539
37356535643566663238626564656139666236663862616139333637613230646164333861336438
39326334333632643637343964343162613466323165316363663838663135333934316264323330
39623430316639633764373234313134373930353336343237636330653261386537323334313361
35363638633762386161643633363262333066646362613737343033663234666530346237336364
61303935633361343665666438636632386165656363363837616332303537633635306663653930
38613538656261323333656631366533623638363065343730643933666232646363663337643164
32386431636162306631306161353938393730353031623938396463656131336463653563323635
66326561316536336335636365623536613332306438316632313132633765313336383634646163
36393261616233643434343561393735386135366637373134356136636363376263356435316438
37643636343135313536313039643161363131363061663330643661363537386164336262656537
64616534316234383137323465376462663566343065393736383832363165663662323862343931
38656133666536373963396465656566316261643538626636366337323839383230623534303839
66653264393863613364376537633636623738356532623033326339343836376632663765663632
66396239313961316435623761326264303338363734616639313262623761353831376539336634
34386439383733393733366261323039386437383962386364316536653762643137383230313833
34326338333365356636326237633764653363303339383834623138316231353363373633383366
61326239353065366234623137663166383237653764313435303738373538643531376136316661
30346365393934393062643236633261323966653530656432356438343439353733666365393234
61333039643234383135396232636632366338633039313365346230366634303863353832313262
38383535353336333437613263336266626238373139633864626238326333623462643263383233
32663865646234363862663065626566323563373561343437616261636564333330346131613232
35663635393637663239336330313865666139333531383234656564323331333761653636626632
37306230396435366161353563373165363062373832323930656432626336333761666565326564
64666231366165393338616139333432623338396633616564356632303330356135643831326264
38323236643138306237333030646430356564333736386333666431666638396664623034343338
32666261316265383335366464306161306333333332626636336133326134313032316138663430
39326562353065623438663563653564316631663630353032303565373038633466386262313363
38373838643330353265666134343634343764663031623366326135626561646362313764303739
30343237616333386163383531393163333235363531623336633531333636316463636632623432
32343566373735366338643932343466646637306263383236643133343434346136623735623262
39393939653137616437653337636563623738393334666636303636306337643936313262316434
63346662306531396139623931613632373731343062363662356331333363626462336533336364
64633561646535386166613633373764386663356236626437393436363732386236643635663832
65626663333234663961313537633164333562646130393235356131393534313233613062616564
66326132393162613865313930613861333136636538653531633066386533643736356566303834
64656234376435363465343362346463383438386330383861643939393835336136626261343034
32386361376166373362376261346631343534666262353730396433616236643362336530633230
31383930313763366361373237336235396133393837613666636537363634313830643434336663
34336133346165633062323435333461316463393534396137616233636535316138396636316662
63323263366231393161363739386338643066303731653164346436356631323737643834656364
31313739333764343330323065666237353735643064373231613132656662653934373562636166
62363363386136633661653531326138343635633537346465343966613839303265646538353334
32653833616631363339386432336336613264653434366262383232666561636663613330663837
31356336396231336131323263333665616238643066616431626535633634623061633235636163
34363861303464343265326237363438623863616538656164316665326236303237613632383337
33363630353064383866383730343139313265326365626435333632303439363637363031653966
64343039636663646631376562636233393438663939653634383835353038663261316239613962
62666466326432313538353163633033626434653863613539353131356334313632366164383330
36316330313264333163356134366230636139616434373630376535643964353833646366383465
62626235366165623739613861663937396531666538333032333939323162646262303238393761
37386662643232336531636564373337376264366430353964333434363437316261393931633138
66353838633634343064343865306433373235616366393937393838383833373233396565326339
39323835613138366165633639356661333163303761376334623535336330376563623439646465
32393930643531663831633435306466376333373032653562386536373165383134643339333730
62353938333136396662323464623964336463393837323262316135643139303134663537613534
36633332373163613934366437376234626631303732613365316666373530393537363334326539
38326530356139663365323739356664633033636333373336393266323461326338613933376530
31396139393731646162316134613937313439336439393330326635343635383732303938653134
32396465643830363238616262336666313732333035326263316535613266376231653662373064
63336634313466366335653665393435613837646466353839633536656637663130376535666533
38633738383931363965666263393338663830323261306630396665663462393133616663353036
34356561643835623134393138373563333433643865653432373133633465313834636633343466
38303233643033363134666431616261633131323031396433633866323865396530653635316631
62633230663938353830303131373561623464666633316663623864303837373461646138363637
33663334666238373730636137336433336438623232666236646263356661356639613039393635
34396535393535333262376537336436623365333839323162393834336438323462643930336362
30313736333639383732396537653066383631343431366666373335363237333432336436656535
39343862313436363932366632323865643335376537613336663265386362346232626430373761
30363862663661663030346264646566343666333936613736396263326461393738656163616563
33626230363536646632306462343765393365646333346461343962323133663762383238663362
64356132366630306139653333316337376363643438353061393966373438323137656361333538
35636539303132313433623264363462653233326666343237393839363838363536666131656133
65636563356162343062646565643365326138336665386464613563613661353265373139376663
33326164306536383332633931306336303630373066346234366439613461626337383966613439
38303662366138323366303531643163373263353537646638653965326233663436643231656335
30353732373262616132666665373161663234343033666437396331326362666635383637663665
64666631376430323864376265633139386338366562663864663438313936313361323464636462
32373132643338653031313338343530303335633237623362393537326165373161646139363263
65316137656330306465306462336330376639643231616134623738396438636366653834396235
61633965316566333161626563353334346133363938663866666530313832323661373733666462
65333164656665303036366239663631346332393362623164386366313136393039343039386437
38353434326433623733316161616563633933626364363239353164333463663032316364353966
34303538346566623231646666316362313763393063616663656634656134653130643965666135
33353531396238353636323038303434653532373835373965343937623132633837303338656231
30633061363635663633363133343837643061616639333932653031323835616236323636353138
61303062376666643638333733333738643735366266643637656266303237303633363937373966
64366630656635653434323865343733383266626562306464633737353263663033343662303166
30663534653434626236643662663765653736623265383665333266656566643265636561666436
36316539393839376662373231636132333530646138623131373162613537636132376164653038
64616166376139653532393661366336373238653236383264356266353766663031333837343830
63313766653438313533326338333763633761313532373239373935323030636264656138633732
38396132346437363439636665626263343862626463633762363331353233623765636233363238
30666337316461353464666431346636313232613539376161316637613738393334343063653035
34393534313439613330303338636233363164303335653339396439613032353032666237373734
61626239626534386137326161346437396137323861383733343661303462356133663063363932
39636461346434303330666338323066663235653064613264613832373766363166303264373733
31326233376637336538386532636232653365613264633464393538373037393534653638396131
35333365643264303337303039366232663132373132346662323961306539383032623764313461
35346634623230343436323437326134306337303261383538626338323833326461363166616637
36656432636235353763353364323732346533666439383665643639356236613133646363343839
63376430383963303736666139366165396437653534663634643363663537386431626430643366
39613736333330316466393231616466626364306232303262646536663264383766663032336630
38323436333837346439313533373964663333373030316566356630313735653661383165626165
62643337373539316632323665313261323534323733653765623832613032623661663163353034
35343966643562386162393639373836666462353766333363363733363363376231636564613164
37653937343239363335613161653661626335393364346364643263666537646233313566633438
66393739363864326461366436643364623931343935336139653934393736333034626135663034
31343439616238346364646136363265646136303831373462373239323333306465373165396566
66663537393762623662373963383162666235646362656662326631643062623761333364393430
33343932656439323132376333393161393561383965626662666465666539653934353836366438
30656462623166613764386533306434616464353533303832323866623265356532343636323766
35653064346630343931363262663461643461376163353630373133346361626232623936376231
65366437613530376435376233363564333634636131303639656662343363353830636266663031
64626361306238656137353530616362633630313431653432643261373734393332343064616137
33663565323639613636653934636232616664623438626530313931383565633464653031626532
39636538393863343835656233663566376365383532323562636363613134666661303334303132
39366438316134623366643262643239623164366337643365613661363333393234323765323965
31333939616466346561383239313736636531373737363432666439303639613465303065383465
38623363316439363637393838633563376630613034366634633133303363616261343539343936
39393131343166346437343733636332636466623031313265343261633566356436
